2.599072
2.572485
2.548316
2.528980
2.509644
2.495142
2.482251
2.470166
2.460498
2.451636
2.444385
2.436328
2.429883
2.421021
2.412964
2.404102
2.395239
2.386377
2.376709
2.367041
2.357373
2.349316
2.339648
2.331592
2.324341
2.316284
2.309839
2.303394
2.298560
2.292114
2.288086
2.283252
2.279224
2.275195
2.271167
2.268750
2.264722
2.263110
2.259888
2.258276
2.255859
2.254248
2.252637
2.251025
2.249414
2.246997
2.246192
2.244580
2.243774
2.242163
2.240552
2.239746
2.238940
2.238135
2.236523
2.235718
2.234912
2.233301
2.232495
2.231689
2.231689
2.230078
2.230078
2.228467
2.227661
2.226856
2.226050
2.225244
2.224438
2.223633
2.222022
2.222022
2.220410
2.220410
2.219604
2.218799
2.217993
2.217187
2.216382
2.215576
2.215576
2.213965
2.213965
2.213159
2.212353
2.212353
2.211548
2.212353
2.210742
2.211548
2.210742
2.209937
2.209131
2.209131
2.208325
2.208325
2.208325
2.207520
2.208325
2.208325
2.208325
2.209131
2.209937
2.210742
2.211548
2.213159
2.213965
2.216382
2.217187
2.217993
2.219604
2.221216
2.222827
2.224438
2.226856
2.228467
2.230884
2.233301
2.234912
2.237329
2.239746
2.242163
2.244580
2.246997
2.248608
2.251831
2.253442
2.255859
2.257471
2.259888
2.262305
2.264722
2.267944
2.268750
2.271167
2.272778
2.275195
2.276807
2.278418
2.280835
2.282446
2.284863
2.286475
2.288892
2.290503
2.292114
2.294531
2.296143
2.297754
2.299365
2.300977
2.302588
2.304199
2.305810
2.308228
2.309033
2.311450
2.313061
2.314673
2.317090
2.318701
2.320313
2.321118
2.322730
2.324341
2.325952
2.327564
2.329175
2.330786
2.332397
2.334815
2.336426
2.338843
2.341260
2.342871
2.345288
2.346900
2.349316
2.350122
2.352539
2.354956
2.356567
2.358179
2.360596
2.362207
2.363818
2.366235
2.367847
2.371069
2.371875
2.373486
2.375098
2.375903
2.378320
2.379126
2.380737
2.382349
2.383960
2.386377
2.387183
2.389600
2.390405
2.392017
2.393628
2.396045
2.396851
2.398462
2.400073
2.400879
2.402490
2.403296
2.405713
2.405713
2.408130
2.409741
2.412158
2.413769
2.416187
2.417798
2.420215
2.423438
2.424243
2.426660
2.428272
2.429883
2.432300
2.433911
2.436328
2.437939
2.441162
2.442773
2.445996
2.447608
2.449219
2.451636
2.454053
2.456470
2.457275
2.460498
2.461304
2.463721
2.466138
2.467749
2.470166
2.472583
2.475000
2.475806
2.477417
2.479028
2.481445
2.483057
2.484668
2.486279
2.487891
2.490308
2.491113
2.493530
2.494336
2.496753
2.499170
2.499976
2.502393
2.503198
2.504810
2.505615
2.507226
2.508838
2.510449
2.512061
2.512866
2.514477
2.516089
2.518506
2.519311
2.520923
2.521729
2.524146
2.524951
2.525757
2.527368
2.527368
2.528980
2.529785
2.531396
2.532202
2.533813
2.534619
2.535425
2.537036
2.537842
2.539453
2.540259
2.541870
2.542676
2.544287
2.545093
2.545898
2.547510
2.548316
2.549927
2.550732
2.552344
2.553149
2.553955
2.555566
2.555566
2.557178
2.557983
2.559595
2.559595
2.560400
2.562012
2.562012
2.563623
2.564429
2.566040
2.566846
2.568457
2.568457
2.570068
2.571680
2.571680
2.573291
2.573291
2.575708
2.575708
2.577319
2.577319
2.578125
2.578931
2.578931
2.578931
2.579736
2.581348
2.581348
2.582153
2.582153
2.582959
2.583765
2.584570
2.585376
2.586182
2.586987
2.586987
2.587793
2.588599
2.589404
2.590210
2.591016
2.591016
2.591016
2.592627
2.592627
2.593433
2.593433
2.594238
2.595044
2.595044
2.595850
2.595850
2.596655
2.595850
2.596655
2.596655
2.596655
2.596655
2.596655
2.596655
2.595850
2.595850
2.595850
2.595044
2.594238
2.594238
2.594238
2.594238
2.593433
2.593433
2.593433
2.592627
2.592627
2.591821
2.591016
2.591016
2.590210
2.590210
2.589404
2.589404
2.588599
2.588599
2.588599
2.587793
2.587793
2.586987
2.586987
2.586182
2.586182
2.585376
2.584570
2.584570
2.584570
2.583765
2.583765
2.583765
2.582959
2.582959
2.582153
2.582153
2.582153
2.581348
2.581348
2.580542
2.580542
2.580542
2.580542
2.579736
2.579736
2.579736
2.579736
2.579736
2.578931
2.578931
2.578125
2.578125
2.578125
2.577319
2.577319
2.576514
2.577319
2.576514
2.576514
2.575708
2.575708
2.575708
2.575708
2.575708
2.574902
2.575708
2.574902
2.574902
2.574902
2.574097
2.574902
2.574097
2.574902
2.574097
2.574097
2.574097
2.574097
2.574097
2.573291
2.573291
2.573291
2.573291
2.572485
2.573291
2.572485
2.572485
2.571680
2.571680
2.571680
2.570874
2.570874
2.570068
2.570068
2.569263
2.569263
2.568457
2.567651
2.567651
2.566846
2.566846
2.565234
2.565234
2.564429
2.563623
2.562817
2.562012
2.562012
2.561206
2.560400
2.559595
2.559595
2.558789
2.557983
2.557983
2.557178
2.557178
2.555566
2.555566
2.554761
2.553955
2.553955
2.553149
2.553149
2.551538
2.551538
2.550732
2.550732
2.549121
2.549121
2.548316
2.548316
2.548316
2.547510
2.547510
2.546704
2.546704
2.545898
2.545898
2.545898
2.545093
2.545093
2.543481
2.543481
2.542676
2.542676
2.541870
2.541870
2.541870
2.541870
2.541870
2.541065
2.541065
2.539453
2.539453
2.537842
2.537842
2.537842
2.537036
2.537036
2.536231
2.535425
2.534619
2.533813
2.532202
2.532202
2.531396
2.530591
2.529785
2.528980
2.528174
2.527368
2.527368
2.524951
2.524146
2.524146
2.523340
2.522534
2.521729
2.521729
2.520923
2.520117
2.520117
2.518506
2.518506
2.517700
2.516895
2.516895
2.516089
2.515283
2.515283
2.514477
2.513672
2.513672
2.512061
2.512061
2.510449
2.510449
2.509644
2.508838
2.508838
2.507226
2.507226
2.505615
2.505615
2.504004
2.504004
2.502393
2.501587
2.500781
2.499170
2.499170
2.497559
2.496753
2.495947
2.495142
2.494336
2.492725
2.491919
2.491113
2.490308
2.489502
2.489502
2.487891
2.487085
2.485474
2.484668
2.483862
2.483057
2.482251
2.480640
2.480640
2.479028
2.477417
2.476611
2.475806
2.475806
2.475000
2.474194
2.472583
2.471777
2.470972
2.470972
2.470166
2.469360
2.469360
2.468555
2.468555
2.467749
2.466943
2.466138
2.465332
2.465332
2.464526
2.464526
2.463721
2.463721
2.462109
2.462109
2.460498
2.460498
2.459692
2.458887
2.458081
2.457275
2.456470
2.454858
2.454053
2.452441
2.451636
2.450024
2.447608
2.446802
2.444385
2.443579
2.441968
2.440356
2.438745
2.437134
2.435523
2.433911
2.433105
2.430688
2.429077
2.426660
2.425049
2.423438
2.421021
2.419409
2.417798
2.416992
2.415381
2.413769
2.412964
2.411353
2.410547
2.408936
2.407324
2.405713
2.404102
2.402490
2.400879
2.399268
2.397656
2.396045
2.394433
2.393628
2.392017
2.390405
2.388794
2.387988
2.385571
2.383960
2.383154
2.380737
2.379932
2.378320
2.376709
2.375098
2.373486
2.372681
2.371069
2.369458
2.367041
2.367041
2.365430
2.364624
2.363013
2.361401
2.360596
2.358984
2.357373
2.355762
2.355762
2.353345
2.352539
2.350928
2.349316
2.347705
2.345288
2.344482
2.342065
2.341260
2.338843
2.338037
2.335620
2.334009
2.333203
2.330786
2.329175
2.326758
2.325146
2.322730
2.321118
2.318701
2.316284
2.314673
2.312256
2.310645
2.308228
2.306616
2.304199
2.301782
2.299365
2.297754
2.295337
2.292920
2.290503
2.288086
2.286475
2.284058
2.282446
2.280029
2.277612
2.276001
2.273584
2.271973
2.269556
2.267944
2.264722
2.263110
2.261499
2.259082
2.258276
2.255859
2.254248
2.251831
2.250220
2.248608
2.246192
2.244580
2.242969
2.240552
2.238135
2.237329
2.234912
2.233301
2.231689
2.230078
2.228467
2.226050
2.225244
2.222827
2.222022
2.219604
2.217993
2.216382
2.213965
2.212353
2.210742
2.209937
2.208325
2.207520
2.205908
2.205102
2.203491
2.201880
2.201074
2.199463
2.197852
2.196240
2.194629
2.193823
2.192212
2.190601
2.189795
2.188184
2.186572
2.184961
2.184155
2.182544
2.181738
2.180127
2.179321
2.177710
2.176904
2.174487
2.173682
2.172070
2.171265
2.169653
2.168042
2.167236
2.165625
2.164819
2.163208
2.162402
2.160791
2.160791
2.159180
2.158374
2.157568
2.155957
2.155957
2.154346
2.153540
2.152734
2.151929
2.150317
2.148706
2.148706
2.147095
2.146289
2.144678
2.143872
2.142261
2.141455
2.139844
2.139038
2.137427
2.135815
2.135010
2.133399
2.131787
2.130176
2.129370
2.128564
2.126953
2.125342
2.123730
2.122119
2.120508
2.118896
2.117285
2.116479
2.114868
2.113257
2.111645
2.110034
2.108423
2.106812
2.106006
2.104394
2.103589
2.102783
2.101172
2.100366
2.098755
2.097949
2.096338
2.094727
2.093921
2.092309
2.091504
2.089893
2.089087
2.086670
2.085864
2.084253
2.083447
2.082642
2.081030
2.081030
2.079419
2.078613
2.077002
2.077002
2.075391
2.073779
2.072974
2.072168
2.071362
2.069751
2.068945
2.067334
2.067334
2.065723
2.064917
2.063306
2.062500
2.062500
2.060889
2.060083
2.059277
2.058472
2.057666
2.056860
2.056055
2.055249
2.054443
2.053638
2.052832
2.052026
2.051221
2.049609
2.047998
2.047192
2.046387
2.043970
2.043164
2.041553
2.039136
2.038330
2.035913
2.033496
2.032691
2.031079
2.029468
2.027051
2.026245
2.023828
2.022217
2.020606
2.018994
2.017383
2.014966
2.013355
2.011743
2.010132
2.006909
2.006104
2.004492
2.002881
2.001270
2.000464
1.998852
1.997241
1.996436
1.994824
1.993213
1.991602
1.990796
1.989185
1.986768
1.985962
1.984351
1.982739
1.981128
1.979517
1.978711
1.977100
1.975488
1.974683
1.973877
1.972266
1.971460
1.969043
1.969043
1.967432
1.965820
1.965015
1.963403
1.962598
1.960986
1.959375
1.957764
1.956152
1.954541
1.952930
1.952930
1.950513
1.949707
1.948096
1.945679
1.944067
1.942456
1.940845
1.938428
1.937622
1.934399
1.933594
1.931177
1.928760
1.927148
1.925537
1.923926
1.921509
1.919897
1.917480
1.915869
1.913452
1.911841
1.910229
1.907812
1.905396
1.902979
1.901367
1.898950
1.897339
1.895728
1.893311
1.891699
1.889282
1.887671
1.885254
1.883643
1.881226
1.879614
1.877197
1.875586
1.873169
1.871558
1.869946
1.867529
1.866724
1.864307
1.862695
1.860278
1.858667
1.857056
1.854639
1.853027
1.850610
1.848999
1.847388
1.845776
1.844165
1.842554
1.840942
1.839331
1.837720
1.835303
1.833691
1.831274
1.829663
1.828052
1.826440
1.824829
1.822412
1.820801
1.819189
1.818384
1.815967
1.814355
1.812744
1.811133
1.809521
1.807104
1.806299
1.803882
1.802271
1.800659
1.799048
1.797436
1.796631
1.795825
1.794214
1.792603
1.790991
1.790186
1.788574
1.786963
1.786157
1.784546
1.783740
1.781323
1.780518
1.778906
1.777295
1.775684
1.774878
1.773267
1.771655
1.770850
1.769238
1.768433
1.766821
1.765210
1.763599
1.761987
1.760376
1.757959
1.757153
1.754736
1.753931
1.751514
1.749097
1.747485
1.745874
1.745068
1.743457
1.742651
1.740234
1.738623
1.737012
1.735400
1.733789
1.732178
1.731372
1.728955
1.728149
1.725732
1.724927
1.722510
1.721704
1.720093
1.718481
1.717676
1.716064
1.715259
1.712842
1.712036
1.710425
1.708813
1.708008
1.706396
1.705591
1.703979
1.703174
1.700757
1.699951
1.698340
1.696728
1.695923
1.695117
1.694311
1.692700
1.691895
1.691089
1.690283
1.689478
1.688672
1.687866
1.686255
1.685449
1.683838
1.683838
1.682227
1.681421
1.679810
1.679004
1.678198
1.676587
1.676587
1.674170
1.673364
1.671753
1.670947
1.669336
1.668530
1.667725
1.665308
1.665308
1.662891
1.661279
1.660474
1.658057
1.657251
1.655640
1.654028
1.652417
1.651611
1.649194
1.648389
1.648389
1.648389
1.648389
1.647583
1.648389
1.647583
1.647583
1.647583
1.647583
1.647583
1.647583
1.647583
1.646777
1.647583
1.646777
1.646777
1.646777
1.646777
1.646777
1.645972
1.646777
1.645972
1.645972
1.645972
1.645972
1.645166
1.645166
1.645166
1.644360
1.645166
1.644360
1.644360
1.643555
1.643555
1.642749
1.641943
1.641943
1.641138
1.641138
1.639526
1.639526
1.637915
1.637915
1.636304
1.635498
1.635498
1.633887
1.633887
1.632275
1.631470
1.630664
1.629858
1.629053
1.628247
1.627441
1.626636
1.625830
1.624219
1.624219
1.622607
1.621802
1.620190
1.619385
1.619385
1.617773
1.617773
1.615356
1.614551
1.612939
1.612134
1.610523
1.608911
1.607300
1.605688
1.604883
1.602466
1.601660
1.599243
1.597632
1.595215
1.593603
1.591992
1.589575
1.588770
1.586353
1.585547
1.583130
1.581519
1.580713
1.578296
1.576685
1.575073
1.573462
1.571045
1.569434
1.567822
1.566211
1.564600
1.562988
1.561377
1.559766
1.558154
1.555737
1.554126
1.552515
1.550903
1.549292
1.546875
1.545264
1.542041
1.541235
1.539624
1.538818
1.537207
1.534790
1.533984
1.532373
1.530762
1.528345
1.527539
1.525122
1.524316
1.522705
1.520288
1.518677
1.516260
1.515454
1.513037
1.512231
1.509815
1.508203
1.506592
1.504175
1.502563
1.500147
1.499341
1.496118
1.495312
1.492090
1.490479
1.488867
1.486450
1.485645
1.483227
1.482422
1.480005
1.478394
1.476782
1.475171
1.473560
1.471948
1.470337
1.467920
1.466309
1.464697
1.463086
1.461475
1.459863
1.459058
1.457446
1.456641
1.454224
1.453418
1.451001
1.450195
1.447778
1.446167
1.445361
1.443750
1.442139
1.439722
1.438916
1.438110
1.436499
1.435693
1.434082
1.433276
1.431665
1.430859
1.429248
1.428442
1.426831
1.426025
1.424414
1.422803
1.421997
1.420386
1.419580
1.417969
1.417163
1.415552
1.413940
1.413135
1.411523
1.411523
1.409912
1.409106
1.407495
1.406689
1.405884
1.404272
1.403467
1.401855
1.401050
1.400244
1.399439
1.397827
1.397022
1.395410
1.394604
1.393799
1.392187
1.392187
1.389771
1.389771
1.388159
1.387354
1.386548
1.385742
1.385742
1.384131
1.384131
1.383325
1.382519
1.380908
1.380908
1.380103
1.379297
1.378491
1.376880
1.376880
1.376074
1.375269
1.374463
1.373657
1.372852
1.372046
1.371240
1.370435
1.370435
1.368823
1.368018
1.367212
1.367212
1.366406
1.364795
1.364795
1.363184
1.363184
1.362378
1.362378
1.361572
1.361572
1.360767
1.359961
1.359961
1.359155
1.359155
1.358350
1.358350
1.357544
1.356738
1.356738
1.355933
1.355933
1.354321
1.354321
1.353516
1.352710
1.351904
1.351099
1.351099
1.350293
1.349487
1.348682
1.347876
1.347876
1.347070
1.346265
1.345459
1.345459
1.344653
1.344653
1.343042
1.343042
1.343042
1.341431
1.341431
1.340625
1.340625
1.339819
1.339819
1.339014
1.338208
1.338208
1.337402
1.337402
1.336597
1.336597
1.335791
1.336597
1.335791
1.335791
1.334985
1.334180
1.334985
1.334180
1.334180
1.333374
1.333374
1.332568
1.332568
1.331763
1.330957
1.330957
1.330151
1.330151
1.328540
1.328540
1.327734
1.326929
1.326123
1.325317
1.324512
1.323706
1.322900
1.322095
1.321289
1.320483
1.319678
1.318872
1.318066
1.317261
1.316455
1.315649
1.314844
1.314038
1.312427
1.311621
1.311621
1.310815
1.310010
1.309204
1.309204
1.308398
1.307593
1.306787
1.305981
1.305981
1.305176
1.304370
1.303564
1.302759
1.301953
1.301953
1.300342
1.299536
1.298730
1.297925
1.297119
1.295508
1.294702
1.293091
1.292285
1.291479
1.289868
1.289063
1.286646
1.285034
1.283423
1.282617
1.281006
1.279395
1.277783
1.276172
1.274561
1.272949
1.271338
1.269727
1.268115
1.266504
1.264087
1.262476
1.259253
1.258447
1.256836
1.255225
1.252808
1.251196
1.249585
1.247168
1.245557
1.243945
1.242334
1.239917
1.239111
1.236694
1.234277
1.232666
1.231055
1.229443
1.227832
1.226221
1.224609
1.222998
1.221387
1.219775
1.218970
1.218164
1.218970
1.218970
1.221387
1.223804
1.227832
1.233472
1.240723
1.247974
1.256030
1.266504
1.276978
1.289868
1.300342
1.312427
1.324512
1.337402
1.349487
1.361572
1.373657
1.384937
1.397827
1.408301
1.420386
1.430859
1.442944
1.454224
1.464697
1.475977
1.485645
1.497730
1.508203
1.518677
1.528345
1.538818
1.549292
1.558960
1.569434
1.579102
1.587964
1.598438
1.608105
1.616968
1.626636
1.634692
1.643555
1.650806
1.654028
1.658057
1.662891
1.667725
1.674170
1.679004
1.685449
1.691089
1.698340
1.704785
1.711231
1.716870
1.723315
1.730566
1.737012
1.743457
1.749902
1.757153
1.763599
1.770044
1.776489
1.782935
1.789380
1.795020
1.802271
1.807910
1.815161
1.819995
1.826440
1.832886
1.838525
1.844165
1.850610
1.857056
1.861890
1.867529
1.873169
1.878809
1.884448
1.889282
1.894922
1.899756
1.906201
1.911035
1.915869
1.919897
1.925537
1.930371
1.935205
1.940039
1.944067
1.948901
1.953735
1.959375
1.963403
1.967432
1.971460
1.975488
1.980322
1.984351
1.989185
1.992407
1.997241
2.001270
2.005298
2.010132
2.013355
2.017383
2.020606
2.024634
2.027051
2.031079
2.035107
2.038330
2.042358
2.045581
2.049609
2.052026
2.056860
2.059277
2.063306
2.066528
2.068945
2.072168
2.075391
2.078613
2.081030
2.085059
2.088281
2.091504
2.093921
2.097144
2.100366
2.103589
2.107617
2.111645
2.115674
2.118896
2.122925
2.126953
2.130981
2.135010
2.139038
2.143872
2.147095
2.151929
2.155957
2.160791
2.165625
2.168848
2.172876
2.176904
2.180933
2.184961
2.189795
2.193823
2.197046
2.201074
2.204297
2.209131
2.212353
2.217993
2.220410
2.224438
2.227661
2.231689
2.234912
2.238135
2.242969
2.245386
2.249414
2.251831
2.255859
2.259082
2.262305
2.266333
2.269556
2.271973
2.274390
2.278418
2.280835
2.284058
2.286475
2.289697
2.292920
2.295337
2.298560
2.300977
2.304199
2.306616
2.309033
2.312256
2.314673
2.317895
2.320313
2.323535
2.325146
2.327564
2.329980
2.332397
2.334815
2.337231
2.340454
2.342871
2.346094
2.348511
2.351733
2.354150
2.356567
2.358984
2.361401
2.364624
2.367041
2.371069
2.373486
2.375903
2.378320
2.380737
2.383154
2.385571
2.387988
2.390405
2.392822
2.395239
2.398462
2.400879
2.402490
2.404907
2.407324
2.409741
2.412158
2.414575
2.416187
2.418603
2.421826
2.424243
2.425854
2.427466
2.429883
2.431494
2.433911
2.435523
2.437939
2.440356
2.441968
2.444385
2.446802
2.449219
2.450830
2.453247
2.454858
2.457275
2.458887
2.460498
2.462915
2.464526
2.467749
2.468555
2.470972
2.473389
2.475000
2.477417
2.478223
2.480640
2.481445
2.483057
2.484668
2.487085
2.487891
2.490308
2.491919
2.493530
2.495947
2.496753
2.499170
2.499976
2.502393
2.503198
2.504810
2.506421
2.507226
2.508838
2.510449
2.512061
2.513672
2.515283
2.516089
2.517700
2.519311
2.520923
2.522534
2.522534
2.525757
2.525757
2.526562
2.528174
2.528980
2.530591
2.530591
2.533008
2.533008
2.533813
2.535425
2.536231
2.537842
2.538647
2.539453
2.540259
2.541870
2.542676
2.543481
2.544287
2.545093
2.546704
2.547510
2.548316
2.549121
2.549927
2.549927
2.550732
2.551538
2.551538
2.552344
2.552344
2.553149
2.553149
2.553955
2.553955
2.553955
2.553955
2.554761
2.554761
2.554761
2.555566
2.555566
2.555566
2.555566
2.556372
2.556372
2.556372
2.556372
2.557178
2.557178
2.557178
2.557983
2.557178
2.557983
2.557983
2.557983
2.558789
2.557983
2.557983
2.557983
2.558789
2.558789
2.557983
2.558789
2.557983
2.558789
2.557983
2.558789
2.557983
2.558789
2.558789
2.557983
2.558789
2.557983
2.557983
2.557983
2.557983
2.557983
2.557983
2.557983
2.557983
2.557983
2.557983
2.558789
2.557983
2.557983
2.557983
2.557983
2.557983
2.557178
2.557178
2.557178
2.557983
2.557178
2.557178
2.557178
2.557983
2.557983
2.557178
2.557178
2.557178
2.557178
2.557178
2.557178
2.557178
2.557178
2.557983
2.557178
2.557983
2.557178
2.557983
2.556372
2.557178
2.557178
2.557178
2.557178
2.557178
2.557178
2.557178
2.557178
2.557178
2.557983
2.557983
2.557983
2.557983
2.557178
2.557983
2.557178
2.557983
2.557178
2.557983
2.557983
2.557983
2.557983
2.557178
2.557983
2.557178
2.557178
2.557178
2.557178
2.557178
2.557178
2.557178
2.557178
2.556372
2.556372
2.556372
2.555566
2.555566
2.555566
2.555566
2.554761
2.553955
2.553955
2.553955
2.553955
2.553149
2.553149
2.553149
2.552344
2.552344
2.551538
2.551538
2.550732
2.550732
2.549927
2.549927
2.549927
2.549121
2.549121
2.548316
2.549121
2.548316
2.548316
2.547510
2.548316
2.547510
2.546704
2.546704
2.545898
2.545898
2.545093
2.545093
2.544287
2.543481
2.543481
2.542676
2.542676
2.541870
2.541065
2.540259
2.540259
2.539453
2.538647
2.538647
2.537842
2.537036
2.536231
2.535425
2.534619
2.534619
2.533813
2.533008
2.532202
2.531396
2.531396
2.530591
2.529785
2.529785
2.528980
2.528174
2.528174
2.527368
2.526562
2.526562
2.525757
2.524951
2.524146
2.524146
2.524146
2.523340
2.523340
2.522534
2.522534
2.521729
2.521729
2.521729
2.521729
2.521729
2.520923
2.520923
2.520117
2.520117
2.520117
2.519311
2.519311
2.519311
2.519311
2.518506
2.518506
2.517700
2.517700
2.516895
2.516895
2.516895
2.516089
2.516089
2.515283
2.515283
2.514477
2.514477
2.513672
2.513672
2.513672
2.513672
2.512866
2.512866
2.512866
2.512061
2.511255
2.511255
2.510449
2.509644
2.508838
2.508838
2.507226
2.506421
2.504810
2.504004
2.503198
2.502393
2.500781
2.499170
2.498364
2.497559
2.496753
2.495142
2.494336
2.492725
2.491113
2.490308
2.488696
2.487891
2.485474
2.484668
2.483057
2.481445
2.480640
2.479028
2.477417
2.475806
2.474194
2.472583
2.470972
2.469360
2.468555
2.466943
2.466138
2.464526
2.463721
2.462109
2.460498
2.459692
2.458081
2.456470
2.454858
2.453247
2.451636
2.450024
2.448413
2.446802
2.445190
2.443579
2.442773
2.441968
2.439551
2.438745
2.437134
2.436328
2.434717
2.433105
2.431494
2.429883
2.429077
2.426660
2.425854
2.424243
2.423438
2.421826
2.420215
2.419409
2.417798
2.416992
2.415381
2.415381
2.413769
2.413769
2.412158
2.411353
2.410547
2.408936
2.408130
2.406518
2.405713
2.404907
2.404102
2.403296
2.401685
2.400879
2.400073
2.399268
2.397656
2.396851
2.395239
2.394433
2.393628
2.392822
2.392017
2.391211
2.389600
2.388794
2.387988
2.386377
2.384766
2.383960
2.382349
2.380737
2.379126
2.378320
2.375903
2.375098
2.373486
2.371875
2.370264
2.368652
2.367847
2.366235
2.365430
2.363818
2.363818
2.362207
2.360596
2.359790
2.358984
2.358179
2.356567
2.354956
2.354150
2.353345
2.351733
2.350928
2.350122
2.348511
2.347705
2.346094
2.345288
2.343677
2.342871
2.342065
2.340454
2.339648
2.338843
2.338037
2.336426
2.336426
2.334815
2.334009
2.333203
2.331592
2.330786
2.329980
2.329175
2.328369
2.327564
2.326758
2.325952
2.325146
2.323535
2.322730
2.321924
2.321118
2.319507
2.318701
2.317090
2.316284
2.314673
2.313867
2.313061
2.311450
2.310645
2.308228
2.307422
2.305005
2.303394
2.301782
2.299365
2.297754
2.295337
2.293725
2.291309
2.288892
2.286475
2.284863
2.282446
2.280029
2.278418
2.276001
2.274390
2.271167
2.269556
2.266333
2.263916
2.262305
2.260693
2.258276
2.256665
2.255054
2.252637
2.251025
2.249414
2.246997
2.245386
2.242969
2.241357
2.238940
2.237329
2.235718
2.234107
2.232495
2.230884
2.229272
2.226856
2.226050
2.222827
2.222022
2.220410
2.218799
2.217187
2.214771
2.213159
2.212353
2.210742
2.209131
2.208325
2.206714
2.205102
2.204297
2.202686
2.201880
2.200269
2.199463
2.197046
2.196240
2.194629
2.193017
2.192212
2.190601
2.188989
2.188184
2.187378
2.185767
2.184961
2.183350
2.182544
2.181738
2.180127
2.179321
2.177710
2.176904
2.175293
2.174487
2.172876
2.172070
2.171265
2.169653
2.168848
2.168042
2.167236
2.165625
2.164014
2.162402
2.161597
2.160791
2.159180
2.158374
2.156763
2.155957
2.154346
2.153540
2.151929
2.150317
2.148706
2.147095
2.145483
2.143872
2.143066
2.140649
2.139844
2.138232
2.135815
2.135010
2.132593
2.131787
2.130176
2.129370
2.126953
2.126148
2.124536
2.122925
2.122119
2.120508
2.118896
2.117285
2.115674
2.114063
2.113257
2.111645
2.110034
2.109229
2.108423
2.107617
2.106006
2.105200
2.103589
2.102783
2.101978
2.100366
2.100366
2.097949
2.097949
2.096338
2.095532
2.093921
2.093115
2.092309
2.090698
2.089893
2.088281
2.087476
2.086670
2.085059
2.084253
2.083447
2.082642
2.081836
2.081836
2.080225
2.079419
2.078613
2.077808
2.076196
2.075391
2.074585
2.072974
2.072168
2.069751
2.068945
2.066528
2.064917
2.064111
2.062500
2.060083
2.057666
2.056860
2.054443
2.053638
2.052026
2.050415
2.048804
2.046387
2.045581
2.043164
2.042358
2.039941
2.038330
2.035913
2.034302
2.032691
2.031079
2.029468
2.027856
2.026245
2.024634
2.023022
2.021411
2.019800
2.018188
2.016577
2.014966
2.013355
2.012549
2.010132
2.008521
2.006909
2.004492
2.003686
2.002075
2.002075
1.999658
1.998852
1.996436
1.994824
1.993213
1.991602
1.989990
1.987573
1.986768
1.984351
1.982739
1.980322
1.978711
1.977100
1.974683
1.973071
1.970654
1.969849
1.966626
1.965015
1.963403
1.960986
1.959375
1.956958
1.955347
1.952930
1.952124
1.949707
1.948901
1.946484
1.944873
1.944067
1.941650
1.940039
1.938428
1.936816
1.934399
1.932788
1.931177
1.929565
1.927954
1.926343
1.925537
1.923120
1.922314
1.920703
1.919092
1.917480
1.915869
1.915064
1.912647
1.911841
1.910229
1.908618
1.907007
1.905396
1.904590
1.902979
1.901367
1.900562
1.899756
1.898950
1.898144
1.896533
1.895728
1.894922
1.893311
1.892505
1.890894
1.890088
1.888477
1.887671
1.886060
1.885254
1.883643
1.882837
1.882837
1.880420
1.879614
1.878003
1.877197
1.875586
1.874780
1.873975
1.872363
1.871558
1.869141
1.868335
1.865918
1.864307
1.862695
1.860278
1.858667
1.856250
1.854639
1.851416
1.849805
1.847388
1.846582
1.844165
1.842554
1.840137
1.838525
1.836108
1.833691
1.832080
1.829663
1.827246
1.825635
1.823218
1.821606
1.819189
1.817578
1.815161
1.813550
1.811939
1.809521
1.807910
1.805493
1.803882
1.801465
1.799854
1.798242
1.796631
1.795020
1.793408
1.791797
1.790991
1.789380
1.786963
1.785352
1.783740
1.782129
1.780518
1.779712
1.777295
1.775684
1.774072
1.772461
1.771655
1.770044
1.769238
1.767627
1.766016
1.765210
1.762793
1.761987
1.760376
1.759570
1.757153
1.756348
1.755542
1.753931
1.752319
1.750708
1.749902
1.748291
1.747485
1.746680
1.745874
1.745068
1.743457
1.743457
1.741846
1.741040
1.739429
1.739429
1.737012
1.737012
1.735400
1.733789
1.732983
1.731372
1.730566
1.728955
1.727344
1.726538
1.724121
1.723315
1.721704
1.720093
1.718481
1.717676
1.715259
1.714453
1.712036
1.710425
1.708813
1.706396
1.705591
1.703174
1.702368
1.699951
1.698340
1.695923
1.695117
1.693506
1.692700
1.691089
1.689478
1.688672
1.686255
1.685449
1.683838
1.682227
1.681421
1.679004
1.679004
1.676587
1.674976
1.673364
1.672559
1.670947
1.669336
1.668530
1.666919
1.666113
1.664502
1.663696
1.662891
1.661279
1.659668
1.658057
1.657251
1.656445
1.654834
1.653223
1.652417
1.651611
1.650806
1.650000
1.649194
1.649194
1.648389
1.649194
1.648389
1.648389
1.648389
1.648389
1.648389
1.648389
1.648389
1.648389
1.648389
1.648389
1.647583
1.648389
1.647583
1.648389
1.647583
1.648389
1.647583
1.647583
1.647583
1.646777
1.646777
1.646777
1.647583
1.646777
1.647583
1.646777
1.646777
1.646777
1.646777
1.646777
1.645972
1.646777
1.646777
1.646777
1.645972
1.645972
1.645972
1.645972
1.645972
1.645972
1.645972
1.645166
1.645166
1.644360
1.643555
1.643555
1.642749
1.641943
1.641138
1.640332
1.638721
1.637915
1.636304
1.634692
1.633887
1.632275
1.630664
1.629053
1.627441
1.625830
1.625024
1.622607
1.620996
1.619385
1.617773
1.616162
1.614551
1.613745
1.611328
1.609717
1.607300
1.606494
1.604077
1.602466
1.600855
1.598438
1.596826
1.594409
1.593603
1.591187
1.589575
1.588770
1.587158
1.585547
1.583935
1.582324
1.580713
1.579102
1.577490
1.575879
1.574268
1.571851
1.571045
1.568628
1.567822
1.565405
1.565405
1.563794
1.562183
1.561377
1.559766
1.558154
1.556543
1.555737
1.554126
1.552515
1.551709
1.550098
1.548486
1.546875
1.546069
1.543652
1.542847
1.541235
1.540430
1.538818
1.537207
1.536401
1.533984
1.533179
1.531567
1.529956
1.527539
1.525928
1.524316
1.522705
1.520288
1.517871
1.516260
1.513843
1.512231
1.510620
1.509009
1.506592
1.504980
1.502563
1.500952
1.498535
1.496118
1.494507
1.491284
1.489673
1.488062
1.486450
1.484839
1.482422
1.480811
1.479199
1.477588
1.475171
1.473560
1.471948
1.469531
1.467920
1.465503
1.464697
1.462280
1.460669
1.459058
1.457446
1.455835
1.454224
1.452612
1.451001
1.449390
1.447778
1.446167
1.444556
1.442944
1.441333
1.438916
1.438110
1.436499
1.435693
1.434082
1.433276
1.431665
1.430054
1.429248
1.427637
1.426831
1.425220
1.423608
1.421997
1.421191
1.419580
1.417969
1.417163
1.414746
1.413940
1.412329
1.412329
1.410718
1.409912
1.408301
1.407495
1.406689
1.405078
1.405078
1.402661
1.401855
1.400244
1.399439
1.398633
1.397022
1.396216
1.395410
1.394604
1.392993
1.392187
1.391382
1.389771
1.388965
1.387354
1.387354
1.386548
1.385742
1.384131
1.384131
1.383325
1.382519
1.381714
1.380103
1.380103
1.378491
1.377686
1.376880
1.376074
1.375269
1.374463
1.373657
1.372046
1.372046
1.370435
1.369629
1.368823
1.368018
1.367212
1.366406
1.365601
1.364795
1.363989
1.363184
1.362378
1.361572
1.361572
1.360767
1.359961
1.359155
1.358350
1.358350
1.356738
1.356738
1.355933
1.355127
1.355127
1.354321
1.353516
1.352710
1.352710
1.351099
1.351099
1.350293
1.349487
1.349487
1.347876
1.347876
1.347070
1.347070
1.345459
1.345459
1.344653
1.343848
1.343848
1.343042
1.343042
1.342236
1.341431
1.340625
1.339819
1.339819
1.338208
1.338208
1.337402
1.338208
1.337402
1.337402
1.337402
1.336597
1.336597
1.336597
1.336597
1.335791
1.335791
1.335791
1.335791
1.334985
1.334985
1.334985
1.334180
1.334180
1.334180
1.334180
1.333374
1.333374
1.332568
1.331763
1.331763
1.330957
1.330957
1.330151
1.330151
1.328540
1.328540
1.327734
1.326123
1.326123
1.324512
1.324512
1.322900
1.322095
1.321289
1.320483
1.318872
1.318066
1.317261
1.316455
1.315649
1.314038
1.313232
1.311621
1.310815
1.310010
1.309204
1.308398
1.307593
1.306787
1.305981
1.305981
1.304370
1.303564
1.302759
1.301953
1.301147
1.300342
1.299536
1.298730
1.297925
1.297119
1.296314
1.295508
1.294702
1.293896
1.293091
1.293091
1.291479
1.290674
1.289868
1.289063
1.289063
1.287451
1.287451
1.285840
1.285840
1.284229
1.284229
1.283423
1.282617
1.281811
1.280200
1.280200
1.278589
1.277783
1.276172
1.275366
1.273755
1.272144
1.270532
1.269727
1.268115
1.266504
1.264893
1.263281
1.260864
1.259253
1.257642
1.256030
1.254419
1.252808
1.251196
1.249585
1.247974
1.246362
1.244751
1.243140
1.241528
1.239917
1.238306
1.235889
1.234277
1.231860
1.230249
1.228638
1.227832
1.226221
1.225415
1.225415
1.225415
1.227026
1.228638
1.231860
1.237500
1.243140
1.249585
1.257642
1.267310
1.277783
1.289063
1.301147
1.313232
1.325317
1.337402
1.350293
1.362378
1.374463
1.386548
1.399439
1.410718
1.422803
1.434888
1.446973
1.459058
1.470337
1.482422
1.493701
1.504980
1.516260
1.527539
1.538013
1.550098
1.560571
1.570239
1.581519
1.591187
1.602466
1.612134
1.622607
1.633081
1.641943
1.650806
1.654834
1.659668
1.664502
1.670142
1.676587
1.683032
1.690283
1.696728
1.704785
1.711231
1.718481
1.725732
1.732983
1.740234
1.746680
1.755542
1.761987
1.769238
1.775684
1.782935
1.790186
1.797436
1.805493
1.811939
1.818384
1.824829
1.832080
1.838525
1.845776
1.852222
1.858667
1.865112
1.871558
1.877197
1.883643
1.890088
1.895728
1.902173
1.908618
1.914258
1.919897
1.924731
1.931177
1.936816
1.942456
1.948096
1.952930
1.959375
1.964209
1.969849
1.974683
1.980322
1.985156
1.989990
1.994824
1.999658
2.004492
