1.005469
1.019971
1.034473
1.044946
1.055420
1.064282
1.071533
1.078784
1.084424
1.090063
1.094092
1.098120
1.101343
1.105371
1.108594
1.111816
1.115039
1.118262
1.122290
1.127124
1.134375
1.140820
1.148071
1.156128
1.164990
1.174658
1.183521
1.193188
1.202051
1.211719
1.220581
1.229443
1.239917
1.248779
1.257642
1.266504
1.275366
1.284229
1.293091
1.301953
1.310010
1.318872
1.326123
1.334985
1.343042
1.351099
1.358350
1.366406
1.373657
1.380908
1.388965
1.396216
1.404272
1.410718
1.418774
1.425220
1.432471
1.438916
1.446167
1.452612
1.459058
1.466309
1.471948
1.479199
1.484839
1.491284
1.497730
1.503369
1.509815
1.515454
1.521899
1.526733
1.532373
1.538013
1.543652
1.550098
1.554932
1.560571
1.565405
1.571045
1.575879
1.580713
1.585547
1.590381
1.596826
1.601660
1.605688
1.610523
1.615356
1.619385
1.624219
1.628247
1.633081
1.637915
1.641943
1.646777
1.648389
1.649194
1.649194
1.650000
1.650000
1.651611
1.652417
1.654028
1.655640
1.657251
1.659668
1.662085
1.665308
1.666919
1.670142
1.673364
1.676587
1.679004
1.681421
1.684644
1.687061
1.691089
1.693506
1.695923
1.700757
1.703174
1.705591
1.708008
1.711231
1.713647
1.716870
1.719287
1.721704
1.724927
1.727344
1.730566
1.732983
1.736206
1.737817
1.741040
1.743457
1.745874
1.749097
1.752319
1.755542
1.757153
1.759570
1.761987
1.765210
1.768433
1.770850
1.774878
1.778101
1.781323
1.783740
1.786963
1.789380
1.793408
1.796631
1.799048
1.803076
1.805493
1.808716
1.811133
1.814355
1.816772
1.819995
1.822412
1.824829
1.828857
1.831274
1.834497
1.836108
1.839331
1.841748
1.844971
1.847388
1.849805
1.853027
1.855444
1.858667
1.859473
1.862695
1.864307
1.866724
1.869141
1.871558
1.873975
1.875586
1.878809
1.881226
1.883643
1.885254
1.887671
1.889282
1.891699
1.894116
1.895728
1.898144
1.900562
1.902979
1.905396
1.907812
1.909424
1.911035
1.913452
1.915064
1.917480
1.918286
1.920703
1.923120
1.924731
1.927148
1.928760
1.931177
1.932788
1.935205
1.936011
1.938428
1.940039
1.941650
1.944067
1.945679
1.948096
1.948901
1.951318
1.952930
1.954541
1.956958
1.958569
1.960181
1.961792
1.963403
1.964209
1.966626
1.967432
1.969849
1.971460
1.973071
1.974683
1.976294
1.977905
1.979517
1.981934
1.983545
1.985156
1.986768
1.988379
1.989990
1.990796
1.993213
1.994019
1.996436
1.997241
1.998852
2.000464
2.002075
2.003686
2.005298
2.006909
2.008521
2.010132
2.010937
2.012549
2.013355
2.014966
2.016577
2.016577
2.018188
2.018994
2.020606
2.022217
2.023022
2.024634
2.025440
2.027051
2.027856
2.029468
2.030273
2.031885
2.032691
2.034302
2.035913
2.036719
2.038330
2.038330
2.039941
2.040747
2.042358
2.043164
2.043970
2.045581
2.046387
2.047192
2.047998
2.049609
2.050415
2.051221
2.052832
2.052832
2.054443
2.055249
2.056860
2.056860
2.059277
2.059277
2.060889
2.061694
2.061694
2.063306
2.063306
2.064111
2.064917
2.065723
2.065723
2.066528
2.067334
2.068140
2.068945
2.069751
2.071362
2.071362
2.072974
2.073779
2.073779
2.075391
2.076196
2.077002
2.077808
2.079419
2.080225
2.081836
2.081836
2.082642
2.083447
2.084253
2.085864
2.085864
2.087476
2.087476
2.088281
2.089087
2.089893
2.090698
2.090698
2.092309
2.092309
2.093115
2.093921
2.094727
2.095532
2.096338
2.097144
2.097949
2.098755
2.098755
2.099560
2.100366
2.101172
2.101978
2.102783
2.103589
2.103589
2.104394
2.105200
2.106006
2.106006
2.106812
2.107617
2.107617
2.108423
2.109229
2.110034
2.110034
2.110840
2.110840
2.111645
2.112451
2.112451
2.113257
2.112451
2.113257
2.113257
2.113257
2.113257
2.113257
2.114063
2.114063
2.114868
2.114063
2.114868
2.114063
2.114868
2.114868
2.115674
2.115674
2.115674
2.116479
2.116479
2.117285
2.117285
2.118091
2.118091
2.118091
2.118091
2.118896
2.119702
2.118896
2.119702
2.119702
2.119702
2.120508
2.120508
2.121314
2.120508
2.122119
2.121314
2.122119
2.122119
2.122925
2.122925
2.123730
2.123730
2.123730
2.123730
2.123730
2.124536
2.124536
2.125342
2.125342
2.125342
2.126148
2.126148
2.126148
2.126148
2.126953
2.126953
2.126953
2.126953
2.126953
2.127759
2.127759
2.128564
2.128564
2.128564
2.128564
2.129370
2.129370
2.129370
2.130176
2.129370
2.130176
2.130176
2.130176
2.130176
2.130981
2.130981
2.130981
2.131787
2.131787
2.132593
2.131787
2.132593
2.132593
2.132593
2.133399
2.132593
2.133399
2.132593
2.133399
2.132593
2.132593
2.132593
2.132593
2.133399
2.132593
2.133399
2.132593
2.132593
2.132593
2.132593
2.132593
2.131787
2.132593
2.131787
2.132593
2.131787
2.132593
2.131787
2.131787
2.131787
2.130981
2.131787
2.130981
2.130981
2.130981
2.130981
2.130176
2.130176
2.130176
2.130176
2.130176
2.130176
2.130176
2.130176
2.129370
2.129370
2.129370
2.130176
2.129370
2.129370
2.129370
2.129370
2.129370
2.129370
2.129370
2.128564
2.128564
2.128564
2.128564
2.128564
2.128564
2.128564
2.128564
2.127759
2.128564
2.128564
2.127759
2.128564
2.127759
2.128564
2.127759
2.127759
2.127759
2.127759
2.127759
2.127759
2.127759
2.126953
2.127759
2.126953
2.126953
2.126953
2.126953
2.126953
2.126953
2.126953
2.126953
2.126953
2.126148
2.126148
2.126148
2.125342
2.125342
2.124536
2.124536
2.123730
2.122925
2.122925
2.122119
2.121314
2.120508
2.120508
2.118896
2.118896
2.117285
2.116479
2.114868
2.114868
2.114063
2.112451
2.111645
2.110840
2.110034
2.109229
2.108423
2.107617
2.106812
2.106006
2.104394
2.104394
2.102783
2.102783
2.101978
2.101172
2.099560
2.098755
2.097949
2.096338
2.095532
2.094727
2.093921
2.092309
2.091504
2.090698
2.089893
2.089087
2.088281
2.087476
2.085864
2.085864
2.084253
2.083447
2.082642
2.082642
2.081836
2.081030
2.080225
2.079419
2.078613
2.077808
2.077002
2.076196
2.075391
2.075391
2.073779
2.073779
2.072168
2.072168
2.070557
2.069751
2.068945
2.068140
2.067334
2.064917
2.064111
2.061694
2.058472
2.056860
2.054443
2.052026
2.048804
2.046387
2.043164
2.040747
2.037524
2.033496
2.030273
2.027051
2.023828
2.020606
2.017383
2.014160
2.010937
2.006909
2.003686
2.000464
1.998047
1.994824
1.991602
1.988379
1.985156
1.981934
1.978711
1.976294
1.973071
1.969849
1.967432
1.963403
1.961792
1.957764
1.955347
1.952124
1.949707
1.947290
1.944873
1.942456
1.939233
1.936816
1.934399
1.931982
1.928760
1.926343
1.923926
1.921509
1.919897
1.916675
1.915064
1.911841
1.910229
1.907007
1.904590
1.902173
1.900562
1.898144
1.896533
1.894922
1.892505
1.890894
1.888477
1.886865
1.884448
1.882837
1.881226
1.878003
1.877197
1.874780
1.873169
1.870752
1.869141
1.867529
1.865918
1.864307
1.862695
1.861084
1.858667
1.857056
1.855444
1.853027
1.851416
1.849805
1.848999
1.846582
1.845776
1.844971
1.843359
1.841748
1.840137
1.838525
1.836108
1.834497
1.832080
1.830469
1.826440
1.824829
1.820801
1.818384
1.815161
1.811133
1.807104
1.802271
1.798242
1.794214
1.790186
1.785352
1.780518
1.775684
1.770044
1.766016
1.760376
1.755542
1.749902
1.745068
1.740234
1.734595
1.730566
1.724121
1.719287
1.714453
1.709619
1.704785
1.699951
1.694311
1.689478
1.685449
1.680615
1.675781
1.670142
1.666113
1.661279
1.657251
1.652417
1.647583
1.646777
1.645972
1.645972
1.645166
1.644360
1.642749
1.641943
1.640332
1.637915
1.636304
1.633081
1.631470
1.627441
1.625024
1.621802
1.618579
1.616162
1.612939
1.610523
1.606494
1.604077
1.600049
1.597632
1.592798
1.590381
1.587964
1.584741
1.582324
1.578296
1.575879
1.572656
1.569434
1.566211
1.563794
1.561377
1.558154
1.555737
1.552515
1.550098
1.547681
1.544458
1.541235
1.538013
1.536401
1.533984
1.531567
1.529150
1.526733
1.524316
1.522705
1.519482
1.517065
1.514648
1.512231
1.510620
1.508203
1.506592
1.504175
1.502563
1.500147
1.497730
1.496118
1.494507
1.492090
1.490479
1.488867
1.487256
1.485645
1.484033
1.482422
1.481616
1.479199
1.478394
1.475977
1.475171
1.473560
1.471948
1.470337
1.468726
1.467114
1.465503
1.464697
1.463086
1.462280
1.460669
1.459863
1.458252
1.456641
1.455835
1.455029
1.453418
1.451807
1.451807
1.449390
1.448584
1.446973
1.446167
1.445361
1.444556
1.443750
1.441333
1.440527
1.439722
1.438110
1.438110
1.436499
1.436499
1.434888
1.434888
1.434082
1.433276
1.431665
1.430859
1.430859
1.429248
1.428442
1.426831
1.426831
1.425220
1.424414
1.423608
1.422803
1.421997
1.420386
1.420386
1.418774
1.418774
1.417163
1.416357
1.414746
1.413940
1.413940
1.412329
1.412329
1.411523
1.410718
1.409912
1.409106
1.408301
1.407495
1.407495
1.405884
1.405884
1.404272
1.404272
1.403467
1.402661
1.401855
1.401050
1.401050
1.399439
1.399439
1.398633
1.397827
1.397022
1.396216
1.395410
1.394604
1.394604
1.393799
1.393799
1.392993
1.392187
1.391382
1.390576
1.389771
1.388965
1.388965
1.388159
1.388159
1.387354
1.387354
1.386548
1.386548
1.386548
1.385742
1.385742
1.384937
1.384937
1.384131
1.384131
1.383325
1.382519
1.382519
1.382519
1.382519
1.380908
1.381714
1.380908
1.380908
1.380103
1.380103
1.380103
1.379297
1.379297
1.378491
1.378491
1.377686
1.377686
1.377686
1.376880
1.376880
1.376074
1.376074
1.376074
1.376074
1.375269
1.375269
1.375269
1.374463
1.375269
1.374463
1.374463
1.373657
1.373657
1.373657
1.373657
1.372852
1.372852
1.372852
1.372046
1.372852
1.372046
1.372046
1.372046
1.372046
1.371240
1.371240
1.371240
1.370435
1.370435
1.370435
1.370435
1.370435
1.369629
1.370435
1.369629
1.369629
1.369629
1.369629
1.369629
1.369629
1.369629
1.369629
1.369629
1.369629
1.369629
1.368823
1.369629
1.368823
1.368823
1.368823
1.368823
1.369629
1.368823
1.369629
1.368823
1.369629
1.368823
1.368823
1.368823
1.368823
1.368823
1.368018
1.368823
1.368018
1.368018
1.368018
1.368018
1.368018
1.368018
1.368018
1.368018
1.368018
1.367212
1.368018
1.367212
1.367212
1.367212
1.367212
1.367212
1.366406
1.366406
1.366406
1.366406
1.365601
1.365601
1.365601
1.365601
1.365601
1.364795
1.364795
1.364795
1.364795
1.364795
1.363989
1.364795
1.363989
1.363989
1.363989
1.364795
1.363989
1.364795
1.364795
1.364795
1.365601
1.364795
1.365601
1.364795
1.365601
1.364795
1.364795
1.364795
1.364795
1.364795
1.364795
1.364795
1.363989
1.364795
1.363989
1.364795
1.364795
1.363989
1.364795
1.363989
1.363989
1.363184
1.363989
1.363184
1.363184
1.363184
1.363184
1.363184
1.362378
1.363184
1.362378
1.362378
1.361572
1.361572
1.361572
1.360767
1.360767
1.359961
1.359961
1.359155
1.359155
1.358350
1.358350
1.358350
1.357544
1.357544
1.356738
1.356738
1.355933
1.355933
1.355933
1.355127
1.355127
1.354321
1.355127
1.354321
1.354321
1.353516
1.353516
1.352710
1.352710
1.352710
1.351904
1.351904
1.351099
1.351099
1.350293
1.350293
1.349487
1.349487
1.349487
1.348682
1.349487
1.348682
1.348682
1.347876
1.347876
1.347876
1.347070
1.347876
1.347070
1.347070
1.346265
1.346265
1.345459
1.345459
1.344653
1.344653
1.344653
1.343848
1.343848
1.343042
1.343042
1.342236
1.342236
1.342236
1.341431
1.341431
1.340625
1.340625
1.339014
1.339014
1.338208
1.338208
1.337402
1.337402
1.337402
1.336597
1.336597
1.335791
1.335791
1.334985
1.334985
1.334180
1.334180
1.334180
1.333374
1.333374
1.332568
1.331763
1.331763
1.330957
1.330957
1.330151
1.330151
1.329346
1.329346
1.328540
1.328540
1.327734
1.326929
1.326929
1.326123
1.326123
1.325317
1.325317
1.324512
1.323706
1.323706
1.322900
1.322900
1.322900
1.322095
1.321289
1.321289
1.320483
1.320483
1.320483
1.319678
1.319678
1.318872
1.318872
1.318066
1.317261
1.317261
1.316455
1.315649
1.314844
1.314844
1.313232
1.314038
1.312427
1.311621
1.310815
1.310815
1.310010
1.309204
1.309204
1.308398
1.308398
1.306787
1.305981
1.305981
1.305176
1.304370
1.303564
1.303564
1.302759
1.301953
1.301147
1.300342
1.299536
1.299536
1.298730
1.297925
1.297925
1.296314
1.296314
1.295508
1.294702
1.293896
1.293896
1.293091
1.292285
1.292285
1.291479
1.291479
1.289868
1.289868
1.289063
1.288257
1.288257
1.286646
1.286646
1.285840
1.285840
1.285034
1.285034
1.284229
1.284229
1.283423
1.282617
1.282617
1.281811
1.281006
1.280200
1.279395
1.278589
1.277783
1.276978
1.275366
1.274561
1.272949
1.272949
1.271338
1.270532
1.268921
1.267310
1.266504
1.264893
1.264087
1.262476
1.260864
1.259253
1.257642
1.256836
1.255225
1.253613
1.252002
1.251196
1.249585
1.248779
1.246362
1.244751
1.243945
1.241528
1.240723
1.239111
1.237500
1.235083
1.233472
1.231860
1.231055
1.229443
1.227832
1.227026
1.225415
1.224609
1.222192
1.221387
1.219775
1.218970
1.217358
1.215747
1.214941
1.213330
1.212524
1.210107
1.209302
1.207690
1.206079
1.205273
1.203662
1.202856
1.202051
1.201245
1.198828
1.198022
1.196411
1.195606
1.193994
1.192383
1.191577
1.189966
1.189160
1.187549
1.186743
1.185132
1.183521
1.182715
1.181103
1.180298
1.178686
1.178686
1.177075
1.177075
1.175464
1.174658
1.173853
1.172241
1.171436
1.170630
1.169824
1.168213
1.167407
1.166602
1.165796
1.164990
1.163379
1.163379
1.161768
1.160962
1.160156
1.159351
1.157739
1.156128
1.156128
1.155322
1.154517
1.153711
1.152905
1.152100
1.152100
1.150488
1.149683
1.149683
1.148877
1.148071
1.147266
1.146460
1.145654
1.144849
1.144043
1.143237
1.142432
1.141626
1.140820
1.140015
1.140015
1.139209
1.138403
1.137598
1.136792
1.135986
1.135181
1.135181
1.134375
1.133569
1.131958
1.131152
1.131152
1.130347
1.130347
1.129541
1.129541
1.128735
1.127930
1.127930
1.127124
1.126318
1.126318
1.125513
1.124707
1.124707
1.123096
1.123096
1.122290
1.121484
1.121484
1.120679
1.120679
1.119067
1.119067
1.118262
1.118262
1.117456
1.116650
1.115845
1.115845
1.115039
1.114233
1.114233
1.113428
1.112622
1.111816
1.111816
1.111816
1.111011
1.110205
1.109399
1.109399
1.108594
1.108594
1.107788
1.106982
1.106982
1.106177
1.106177
1.105371
1.104565
1.104565
1.105371
1.105371
1.104565
1.105371
1.104565
1.104565
1.104565
1.104565
1.103760
1.103760
1.103760
1.102954
1.102954
1.102148
1.102954
1.102148
1.102148
1.101343
1.101343
1.101343
1.100537
1.100537
1.099731
1.099731
1.099731
1.099731
1.098926
1.098926
1.098120
1.098120
1.098120
1.097314
1.097314
1.096509
1.096509
1.096509
1.095703
1.095703
1.094898
1.094898
1.094092
1.094092
1.093286
1.092480
1.091675
1.090869
1.090869
1.089258
1.089258
1.087646
1.087646
1.086035
1.085230
1.084424
1.082813
1.082813
1.080395
1.079590
1.077978
1.077173
1.076367
1.075562
1.073950
1.073145
1.072339
1.071533
1.069922
1.068310
1.067505
1.065894
1.065088
1.063477
1.061865
1.060254
1.058643
1.057837
1.056226
1.054614
1.053003
1.052197
1.050586
1.048975
1.048169
1.046558
1.046558
1.044946
1.043335
1.041724
1.040918
1.039307
1.038501
1.037695
1.035278
1.034473
1.033667
1.032056
1.031250
1.029639
1.028027
1.026416
1.026416
1.024805
1.024805
1.023193
1.022388
1.021582
1.020776
1.019971
1.018359
1.018359
1.015942
1.015942
1.015137
1.014331
1.012720
1.011914
1.011108
1.011108
1.011108
1.011108
1.011914
1.012720
1.015137
1.016748
1.020776
1.025610
1.032056
1.038501
1.045752
1.054614
1.063477
1.073145
1.083618
1.092480
1.102954
1.111816
1.122290
1.131958
1.141626
1.151294
1.160962
1.169824
1.178686
1.189160
1.198022
1.206885
1.215747
1.224609
1.233472
1.243140
1.251196
1.259253
1.268115
1.276172
1.285034
1.293091
1.301147
1.308398
1.317261
1.324512
1.331763
1.340625
1.347070
1.355127
1.362378
1.369629
1.376074
1.383325
1.391382
1.397827
1.405078
1.410718
1.417969
1.424414
1.430859
1.437305
1.444556
1.450195
1.456641
1.462280
1.468726
1.475171
1.480811
1.486450
1.492090
1.498535
1.504175
1.509009
1.515454
1.521094
1.525928
1.530762
1.536401
1.541235
1.547681
1.552515
1.557349
1.562183
1.567017
1.572656
1.576685
1.581519
1.586353
1.590381
1.596020
1.600049
1.604883
1.608911
1.613745
1.617773
1.622607
1.626636
1.629858
1.634692
1.638721
1.642749
1.645972
1.648389
1.648389
1.649194
1.649194
1.650000
1.650806
1.650806
1.652417
1.653223
1.654834
1.656445
1.658057
1.660474
1.662891
1.665308
1.666919
1.670142
1.672559
1.675781
1.678198
1.680615
1.683032
1.686255
1.688672
1.691895
1.694311
1.696728
1.700757
1.703174
1.704785
1.707202
1.709619
1.712036
1.714453
1.716870
1.718481
1.721704
1.724121
1.727344
1.729761
1.732178
1.734595
1.737012
1.740234
1.743457
1.745874
1.749097
1.753125
1.756348
1.758765
1.762793
1.765210
1.768433
1.770850
1.774878
1.778906
1.781323
1.784546
1.787769
1.790991
1.793408
1.797436
1.799854
1.804688
1.806299
1.809521
1.812744
1.815161
1.818384
1.820801
1.823218
1.826440
1.828857
1.832080
1.834497
1.836914
1.839331
1.842554
1.844971
1.847388
1.849805
1.853027
1.856250
1.858667
1.861084
1.862695
1.865112
1.867529
1.869946
1.872363
1.873975
1.876392
1.878809
1.881226
1.882837
1.885254
1.886865
1.889282
1.890894
1.893311
1.894922
1.897339
1.899756
1.901367
1.903784
1.905396
1.907812
1.909424
1.911035
1.912647
1.914258
1.915869
1.916675
1.919092
1.919897
1.922314
1.923926
1.925537
1.927148
1.928760
1.931177
1.933594
1.935205
1.936011
1.937622
1.940039
1.941650
1.943262
1.944873
1.947290
1.948901
1.951318
1.952930
1.955347
1.957764
1.959375
1.960986
1.961792
1.964209
1.965015
1.966626
1.968237
1.969849
1.972266
1.973877
1.975488
1.977100
1.978711
1.980322
1.982739
1.984351
1.985962
1.987573
1.988379
1.989990
1.991602
1.993213
1.994019
1.996436
1.997241
1.998852
2.001270
2.002075
2.003686
2.005298
2.006909
2.007715
2.010132
2.010937
2.011743
2.013355
2.013355
2.014966
2.015771
2.017383
2.017383
2.018994
2.019800
2.021411
2.023022
2.023828
2.025440
2.025440
2.027856
2.027856
2.030273
2.031079
2.031885
2.033496
2.034302
2.035913
2.036719
2.038330
2.039136
2.039941
2.041553
2.042358
2.043970
2.044775
2.046387
2.047192
2.048804
2.049609
2.051221
2.052026
2.053638
2.055249
2.056055
2.057666
2.058472
2.059277
2.060889
2.062500
2.063306
2.063306
2.064917
2.064917
2.066528
2.067334
2.068140
2.068945
2.069751
2.071362
2.072168
2.073779
2.073779
2.075391
2.075391
2.077002
2.077808
2.078613
2.080225
2.081030
2.081836
2.082642
2.083447
2.084253
2.085864
2.086670
2.087476
2.088281
2.089087
2.089893
2.089893
2.091504
2.091504
2.092309
2.093115
2.093115
2.093921
2.094727
2.095532
2.095532
2.096338
2.096338
2.097144
2.097144
2.097949
2.098755
2.098755
2.099560
2.099560
2.100366
2.100366
2.100366
2.101172
2.101172
2.101978
2.101978
2.102783
2.102783
2.103589
2.103589
2.103589
2.103589
2.103589
2.104394
2.104394
2.105200
2.105200
2.105200
2.105200
2.106006
2.106006
2.106006
2.106812
2.106812
2.106812
2.106812
2.107617
2.107617
2.107617
2.108423
2.107617
2.108423
2.108423
2.109229
2.108423
2.109229
2.109229
2.109229
2.110034
2.110034
2.110034
2.110034
2.110840
2.110840
2.110840
2.111645
2.110840
2.111645
2.111645
2.111645
2.111645
2.112451
2.112451
2.112451
2.112451
2.112451
2.113257
2.112451
2.113257
2.113257
2.114063
2.113257
2.114063
2.114063
2.114063
2.114063
2.114063
2.114868
2.114063
2.114868
2.114868
2.115674
2.115674
2.115674
2.116479
2.116479
2.117285
2.117285
2.117285
2.117285
2.118091
2.118091
2.118091
2.118091
2.118896
2.119702
2.119702
2.119702
2.119702
2.119702
2.120508
2.120508
2.120508
2.120508
2.121314
2.121314
2.122119
2.122119
2.122119
2.122119
2.122119
2.122925
2.122925
2.122925
2.122925
2.122925
2.123730
2.123730
2.123730
2.123730
2.123730
2.123730
2.123730
2.123730
2.123730
2.123730
2.123730
2.123730
2.123730
2.123730
2.123730
2.123730
2.123730
2.123730
2.123730
2.123730
2.123730
2.123730
2.123730
2.122925
2.123730
2.122925
2.122925
2.122925
2.122925
2.122925
2.122119
2.122119
2.122119
2.121314
2.121314
2.120508
2.120508
2.120508
2.120508
2.119702
2.120508
2.118896
2.119702
2.118896
2.118896
2.118091
2.118091
2.118091
2.117285
2.118091
2.117285
2.117285
2.116479
2.116479
2.116479
2.115674
2.116479
2.115674
2.115674
2.114868
2.114868
2.114868
2.114063
2.114063
2.114063
2.114063
2.113257
2.113257
2.112451
2.112451
2.112451
2.112451
2.112451
2.111645
2.110840
2.110840
2.110840
2.110034
2.110034
2.109229
2.109229
2.108423
2.108423
2.108423
2.107617
2.107617
2.106812
2.106812
2.106006
2.105200
2.105200
2.104394
2.104394
2.103589
2.103589
2.102783
2.102783
2.101978
2.101978
2.101172
2.100366
2.100366
2.099560
2.098755
2.097949
2.097949
2.097949
2.097144
2.097144
2.096338
2.096338
2.094727
2.094727
2.093921
2.093921
2.093921
2.093115
2.093115
2.092309
2.092309
2.091504
2.091504
2.090698
2.090698
2.089893
2.089893
2.089087
2.088281
2.088281
2.088281
2.087476
2.086670
2.085864
2.085059
2.083447
2.082642
2.081836
2.080225
2.077808
2.076196
2.073779
2.072168
2.068945
2.065723
2.063306
2.059277
2.056055
2.052832
2.050415
2.046387
2.043164
2.039941
2.036719
2.033496
2.029468
2.026245
2.023022
2.018994
2.015771
2.011743
2.009326
2.004492
2.002075
1.998852
1.996436
1.992407
1.989185
1.985962
1.982739
1.979517
1.977100
1.973877
1.970654
1.968237
1.964209
1.961792
1.959375
1.955347
1.952930
1.949707
1.948096
1.944873
1.942456
1.940039
1.937622
1.934399
1.931982
1.929565
1.926343
1.924731
1.921509
1.919092
1.916675
1.913452
1.911841
1.909424
1.907007
1.903784
1.901367
1.898950
1.897339
1.894922
1.892505
1.890894
1.888477
1.886865
1.883643
1.882837
1.879614
1.878003
1.875586
1.873975
1.872363
1.869946
1.868335
1.865112
1.863501
1.861890
1.859473
1.857056
1.855444
1.853027
1.850610
1.848999
1.847388
1.845776
1.842554
1.840942
1.838525
1.836108
1.833691
1.831274
1.829663
1.826440
1.824023
1.820801
1.819189
1.816772
1.813550
1.811133
1.807910
1.805493
1.800659
1.799048
1.795020
1.793408
1.789380
1.786963
1.783740
1.779712
1.776489
1.773267
1.770044
1.766016
1.762793
1.758765
1.754736
1.749902
1.745874
1.741846
1.737817
1.733789
1.728955
1.724927
1.720093
1.715259
1.711231
1.706396
1.701563
1.695923
1.691895
1.687061
1.683032
1.678198
1.673364
1.668530
1.663696
1.659668
1.655640
1.651611
1.647583
1.645972
1.646777
1.645166
1.645166
1.643555
1.643555
1.641138
1.640332
1.637915
1.635498
1.633081
1.629858
1.627441
1.624219
1.620996
1.617773
1.615356
1.612134
1.608911
1.606494
1.603271
1.600049
1.596020
1.592798
1.589575
1.587158
1.583935
1.580713
1.578296
1.575073
1.571851
1.567822
1.565405
1.562183
1.559766
1.556543
1.553320
1.550903
1.547681
1.544458
1.541235
1.539624
1.536401
1.533984
1.531567
1.528345
1.525928
1.523511
1.521094
1.517871
1.516260
1.513037
1.511426
1.509009
1.506592
1.504980
1.502563
1.500952
1.498535
1.496924
1.494507
1.491284
1.490479
1.488867
1.487256
1.485645
1.484839
1.482422
1.481616
1.479199
1.477588
1.476782
1.474365
1.473560
1.471948
1.470337
1.468726
1.467114
1.465503
1.463892
1.463086
1.461475
1.460669
1.459058
1.458252
1.456641
1.455835
1.454224
1.452612
1.451807
1.450195
1.449390
1.446973
1.446973
1.445361
1.444556
1.442944
1.441333
1.440527
1.438916
1.438110
1.437305
1.436499
1.435693
1.434888
1.434082
1.432471
1.432471
1.431665
1.430859
1.429248
1.429248
1.427637
1.426831
1.426025
1.425220
1.424414
1.423608
1.422803
1.421997
1.421191
1.419580
1.419580
1.418774
1.417163
1.417163
1.414746
1.414746
1.413940
1.413135
1.412329
1.411523
1.411523
1.410718
1.409912
1.409106
1.408301
1.407495
1.406689
1.405884
1.405078
1.405078
1.403467
1.403467
1.401855
1.401855
1.401050
1.400244
1.399439
1.398633
1.398633
1.397022
1.396216
1.395410
1.395410
1.394604
1.393799
1.392993
1.392187
1.392187
1.390576
1.390576
1.388965
1.388965
1.388159
1.388159
1.388159
1.387354
1.387354
1.386548
1.386548
1.385742
1.385742
1.384937
1.384937
1.384131
1.383325
1.383325
1.382519
1.382519
1.381714
1.381714
1.380908
1.380908
1.380103
1.379297
1.379297
1.378491
1.378491
1.377686
1.377686
1.376880
1.376880
1.376880
1.375269
1.376074
1.375269
1.375269
1.374463
1.374463
1.373657
1.373657
1.373657
1.372852
1.372852
1.372852
1.372852
1.372046
1.372046
1.372046
1.371240
1.372046
1.371240
1.372046
1.371240
1.372046
1.371240
1.371240
1.371240
1.370435
1.371240
1.370435
1.371240
1.370435
1.370435
1.370435
1.370435
1.370435
1.370435
1.370435
1.370435
1.370435
1.370435
1.370435
1.369629
1.370435
1.369629
1.369629
1.370435
1.369629
1.369629
1.369629
1.369629
1.369629
1.369629
1.369629
1.369629
1.369629
1.368823
1.369629
1.369629
1.369629
1.369629
1.369629
1.369629
1.369629
1.369629
1.369629
1.369629
1.369629
1.369629
1.369629
1.369629
1.368823
1.368823
1.368823
1.368823
1.368823
1.368018
1.368823
1.368823
1.368018
1.368018
1.368018
1.368018
1.368018
1.367212
1.367212
1.367212
1.367212
1.366406
1.367212
1.366406
1.366406
1.366406
1.366406
1.365601
1.365601
1.365601
1.364795
1.365601
1.364795
1.364795
1.363989
1.363989
1.363989
1.363989
1.363989
1.363184
1.363989
1.363184
1.363989
1.363184
1.363184
1.363184
1.363184
1.363184
1.363184
1.363184
1.363184
1.363184
1.363184
1.362378
1.362378
1.362378
1.362378
1.362378
1.362378
1.361572
1.362378
1.361572
1.361572
1.361572
1.361572
1.361572
1.360767
1.360767
1.360767
1.360767
1.359961
1.359961
1.359961
1.359155
1.359155
1.358350
1.358350
1.357544
1.357544
1.356738
1.356738
1.356738
1.355933
1.355933
1.355127
1.355127
1.354321
1.354321
1.353516
1.353516
1.353516
1.352710
1.352710
1.351904
1.351904
1.351099
1.351099
1.350293
1.350293
1.349487
1.349487
1.348682
1.348682
1.348682
1.347876
1.347876
1.347070
1.347070
1.347070
1.347070
1.347070
1.347070
1.347070
1.346265
1.347070
1.346265
1.346265
1.346265
1.345459
1.346265
1.345459
1.345459
1.344653
1.344653
1.344653
1.344653
1.344653
1.343848
1.343848
1.343848
1.343848
1.343042
1.343042
1.342236
1.342236
1.342236
1.341431
1.341431
1.340625
1.339819
1.339819
1.339014
1.339014
1.338208
1.337402
1.336597
1.336597
1.335791
1.336597
1.335791
1.335791
1.334985
1.334985
1.334180
1.334180
1.334180
1.333374
1.333374
1.332568
1.331763
1.331763
1.330957
1.330957
1.330151
1.330151
1.329346
1.328540
1.328540
1.327734
1.327734
1.326929
1.326929
1.326123
1.325317
1.325317
1.324512
1.324512
1.323706
1.323706
1.322900
1.322900
1.322095
1.322095
1.321289
1.321289
1.320483
1.320483
1.320483
1.319678
1.319678
1.318872
1.318872
1.318066
1.318066
1.317261
1.316455
1.317261
1.316455
1.316455
1.315649
1.315649
1.314844
1.314844
1.314844
1.314038
1.314038
1.313232
1.313232
1.312427
1.312427
1.311621
1.311621
1.311621
1.311621
1.311621
1.310815
1.310815
1.310010
1.310010
1.309204
1.309204
1.308398
1.307593
1.307593
1.305981
1.305981
1.304370
1.304370
1.302759
1.301953
1.301147
1.300342
1.299536
1.297925
1.297119
1.296314
1.295508
1.293896
1.293091
1.292285
1.290674
1.289868
1.289063
1.288257
1.285840
1.285034
1.284229
1.283423
1.283423
1.281811
1.281811
1.280200
1.280200
1.279395
1.278589
1.277783
1.276978
1.276172
1.274561
1.273755
1.272949
1.272144
1.270532
1.270532
1.268921
1.268115
1.267310
1.265698
1.265698
1.264087
1.263281
1.261670
1.260864
1.259253
1.258447
1.257642
1.256836
1.256030
1.254419
1.254419
1.252808
1.252002
1.251196
1.250391
1.249585
1.248779
1.247974
1.246362
1.245557
1.244751
1.243945
1.243140
1.242334
1.241528
1.239917
1.239917
1.239111
1.237500
1.236694
1.235083
1.234277
1.233472
1.233472
1.232666
1.232666
1.231055
1.231055
1.230249
1.229443
1.228638
1.227832
1.227832
1.227026
1.226221
1.225415
1.224609
1.224609
1.223804
1.222998
1.222192
1.221387
1.220581
1.220581
1.218970
1.218970
1.218164
1.217358
1.217358
1.215747
1.215747
1.214136
1.213330
1.212524
1.211719
1.210107
1.208496
1.207690
1.206885
1.205273
1.203662
1.202856
1.202051
1.200439
1.199634
1.198828
1.197217
1.195606
1.194800
1.193188
1.192383
1.190771
1.189160
1.188354
1.186743
1.185938
1.184326
1.182715
1.181103
1.180298
1.179492
1.178686
1.177881
1.176270
1.175464
1.174658
1.173853
1.173047
1.172241
1.170630
1.169824
1.169019
1.167407
1.166602
1.165796
1.164990
1.163379
1.162573
1.161768
1.160156
1.160156
1.158545
1.157739
1.156128
1.156128
1.154517
1.154517
1.153711
1.152100
1.152100
1.151294
1.150488
1.149683
1.148877
1.148071
1.147266
1.146460
1.145654
1.144849
1.144043
1.143237
1.142432
1.141626
1.140820
1.140015
1.139209
1.138403
1.137598
1.136792
1.136792
1.135181
1.135181
1.134375
1.133569
1.132764
1.131152
1.131152
1.130347
1.130347
1.128735
1.128735
1.127930
1.127930
1.127124
1.126318
1.125513
1.124707
1.124707
1.123901
1.123901
1.123096
1.122290
1.121484
1.121484
1.120679
1.119873
1.119067
1.118262
1.117456
1.117456
1.116650
1.115845
1.115845
1.115039
1.114233
1.114233
1.112622
1.112622
1.111816
1.111816
1.111011
1.110205
1.110205
1.109399
1.109399
1.108594
1.107788
1.106982
1.106177
1.106177
1.106177
1.105371
1.105371
1.104565
1.104565
1.104565
1.103760
1.102954
1.103760
1.102148
1.102954
1.102148
1.102148
1.101343
1.100537
1.100537
1.100537
1.099731
1.099731
1.099731
1.098926
1.098926
1.098120
1.097314
1.097314
1.096509
1.097314
1.096509
1.095703
1.095703
1.094898
1.094898
1.094092
1.093286
1.092480
1.092480
1.091675
1.091675
1.090063
1.089258
1.087646
1.086841
1.086035
1.084424
1.083618
1.082813
1.081201
1.079590
1.078784
1.077173
1.076367
1.074756
1.073950
1.073145
1.071533
1.070728
1.069116
1.068310
1.066699
1.065894
1.065088
1.063477
1.062671
1.061060
1.060254
1.058643
1.057837
1.057031
1.055420
1.054614
1.053809
1.053003
1.051392
1.051392
1.049780
1.048975
1.047363
1.046558
1.044946
1.043335
1.042529
1.040918
1.040112
1.038501
1.036890
1.035278
1.033667
1.032861
1.031250
1.029639
1.027222
1.025610
1.024805
1.023193
1.022388
1.020776
1.019971
1.018359
1.017554
1.015137
1.014331
1.012720
1.011108
1.010303
1.008691
1.007886
1.005469
1.004663
1.003052
1.001440
1.000635
1.000635
1.000635
1.000635
1.001440
1.002246
1.004663
1.006274
1.010303
1.015137
1.020776
1.028027
1.036084
1.044946
1.053809
1.063477
1.073145
1.084424
1.094092
1.103760
1.114233
1.123901
1.135986
1.144849
